4
1348
21
533
27
591
7
205
2191
3
63
155
1756
586
88
218
1323
1349
19
141
661
453
25
1576
1527
2
86
4
147
14
89
15
82
9
31
104
25
65
552
127
220
12
1412
290
242
280
180
250
1
831
129
356
2467
320
603
12
542
54
32
526
578
3089
1
20
191
91
56
4
7
52
58
105
161
3021
278
673
2
286
1
38
1
1
1
1588
46
32
939
20
56
826
221
12
1246
20
160
2
1319
15
54
46
2570
48
90
115
18
1
206
2446
30
370
651
1224
107
2221
102
27
338
69
64
1092
286
767
269
2425
6
7
186
372
16
164
525
1058
17
31
1993
2140
861
1101
55
259
338
1674
27
1494
1732
1106
256
4
46
7
12
778
55
1820
1573
32
1222
142
4102
1581
1046
513
2547
3725
204
1030
2484
175
1816
622
180
2756
34
3397
164
13
696
945
185
6
2650
31
2268
2
2
142
87
826
4
247
5069
859
1022
141
276
1357
23
8
1936
1580
33
186
1451
329
2603
21
189
282
283
71
2891
149
2419
170
34
230
153
20
558
92
310
2437
2989
2529
843
126
2537
101
11
89
2987
370
128
1541
2216
585
236
138
203
79
315
62
1546
2862
21
1905
1
408
4236
1943
3438
4893
4
83
265
3891
166
146
7
3535
931
1038
30
92
1136
2693
21
1035
353
210
3037
61
493
81
3179
89
1677
12823
4868
378
1294
2263
11
3852
51
174
2097
2818
33
536
91
4051
4693
3957
247
1511
2512
1125
119
144
123
8150
261
2757
5371
17
1054
12182
33
1773
43
1048
1954
2133
148
159
3597
70
2808
62
924
39
22
22
3
9
12
95
186
580
41
1735
2349
11124
902
22
3611
165
5077
75
72
3836
2388
21
198
5
770
2689
339
12
3336
3075
21
1569
160
212
7150
2219
43
48
2292
432
205
10
1225
2
692
203
1014
1979
861
8214
416
2471
1317
263
1785
1416
562
14
11
212
136
523
619
9379
2356
557
72
1334
1264
111
2427
3970
4713
2904
1262
3949
4164
184
145
4
4597
35
503
41
53
114
3
49
13
1350
891
753
31
104
1232
248
2278
20
1173
80
85
3812
106
217
75
35
222
11698
13326
323
137
1336
37
123
213
2
3198
248
6
11
246
7
589
10
1
2390
111
92
53
2709
291
1214
161
455
253
5071
4056
227
160
3826
5
4697
5906
304
175
4316
5248
11
1427
2223
66
2866
841
488
6
6
32
27
238
42
294
2110
147
123
7048
45
190
67
928
40
92
4114
401
2731
357
558
13
17
19
11
255
1
249
179
13492
29
4179
49
77
170
3936
64
6895
2
46
1178
51
976
3865
3443
136
5
9
191
299
2
987
117
187
66
208
4753
5691
12
10
304
155
3
332
5
147
4
244
58
6
157
136
11721
81
21
40
3251
124
127
6749
3
22
506
1
287
417
119
86
70
14
1
475
387
265
88
98
4
22
162
19
21
7
40
17
135
103
182
10
48
39
345
5
668
3
78
1
29
12
1
48
1
27
57
2
17
3
2
1
11
742
40
2
2
15
6
5
6
2
13
34
4
2
1
98
23
3
308
3
85
4
1
3
6
752
61
3
175
127
149
7
6
9
13
22
45
7
21
14
82
10
126
9
32
275
22
21
0
0
0
0
0
0
0
0
0
0
0
0
0
382
0
0
0
0
0
0
0
0
29
0
0
0
0
0
5
0
0
0
0
0
0
0
0
0
0
0
0
0
0
0
0
0
0
0
0
1
0
0
0
0
0
0
0
0
0
0
0
0
0
0
0
0
0
0
0
8
0
0
0
0
0
0
0
0
0
0
0
0
0
0
0
0
0
0
0
0
6483
16018
2113
1534
690
0
3
1014
5
0
32
0
3437
0
0
0
10
1
4739
0
1
3472
0
4
0
1
6934
0
0
6115
0
0
0
0
0
0
0
0
0
0
0
0
0
